   n  posicion  tests/t

   frecuencia de muestreo = 360
     posicion en milisegundos

     1            444.
     2           1105.
     3           1750.
     4           2405.
     5           3058.
     6           3713.
     7           4358.
     8           5019.
     9           5688.
    10           6361.
    11           7025.
    12           7705.
    13           8380.
    14           9041.
    15           9716.
    16          10388.
    17          11058.
    18          11713.
    19          12380.
    20          13047.
    21          13713.
    22          14366.
    23          15022.
    24          15677.
    25          16333.
    26          16983.
    27          17622.
    28          18266.
    29          18905.
    30          19536.
    31          20161.
    32          20791.
    33          21419.
    34          22044.
    35          22661.
    36          23283.
    37          23905.
    38          24530.
    39          25150.
    40          25769.
    41          26391.
    42          27019.
    43          27641.
    44          28263.
    45          28888.
    46          29505.
    47          30127.
    48          30755.
    49          31388.
    50          32022.
    51          32658.
    52          33294.
    53          33933.
    54          34566.
    55          35200.
    56          35841.
    57          36491.
    58          37150.
    59          37800.
    60          38447.
    61          39088.
    62          39727.
    63          40361.
    64          40983.
    65          41608.
    66          42230.
    67          42847.
    68          43469.
    69          44108.
    70          44755.
    71          45405.
    72          46066.
    73          46744.
    74          47419.
    75          48086.
    76          48766.
    77          49450.
    78          50125.
    79          50786.
    80          51441.
    81          52100.
    82          52763.
    83          53441.
    84          54111.
    85          54769.
    86          55422.
    87          56069.
    88          56708.
    89          57333.
    90          57952.
    91          58566.
    92          59177.
    93          59786.
    94          60405.
    95          61033.
    96          61677.
    97          62330.
    98          62988.
    99          63655.
   100          64322.
   101          64980.
   102          65638.
   103          66286.
   104          66927.
   105          67561.
   106          68200.
   107          68836.
   108          69480.
   109          70116.
   110          70766.
   111          71425.
   112          72088.
   113          72750.
   114          73402.
   115          74044.
   116          74691.
   117          75341.
   118          75986.
   119          76622.
   120          77255.
   121          77897.
   122          78536.
   123          79175.
   124          79811.
   125          80450.
   126          81080.
   127          81708.
   128          82336.
   129          82958.
   130          83577.
   131          84194.
   132          84819.
   133          85447.
   134          86069.
   135          86700.
   136          87341.
   137          87975.
   138          88602.
   139          89216.
   140          89836.
   141          90447.
   142          91063.
   143          91675.
   144          92286.
   145          92902.
   146          93513.
   147          94122.
   148          94730.
   149          95338.
   150          95950.
   151          96544.
   152          97141.
   153          97736.
   154          98333.
   155          98933.
   156          99525.
   157         100122.
   158         100719.
   159         101316.
   160         101919.
   161         102513.
   162         103113.
   163         103716.
   164         104330.
   165         104936.
   166         105550.
   167         106166.
   168         106788.
   169         107405.
   170         108022.
   171         108627.
   172         109225.
   173         109852.
   174         110472.
   175         111086.
   176         111705.
   177         112316.
   178         112919.
   179         113513.
   180         114097.
   181         114680.
   182         115255.
   183         115825.
   184         116394.
   185         116966.
   186         117541.
   187         118113.
   188         118688.
   189         119269.
   190         119850.
   191         120430.
   192         121005.
   193         121580.
   194         122155.
   195         122727.
   196         123294.
   197         123861.
   198         124419.
   199         124980.
   200         125527.
   201         126080.
   202         126636.
   203         127194.
   204         127752.
   205         128311.
   206         128872.
   207         129436.
   208         130005.
   209         130577.
   210         131150.
   211         131719.
   212         132297.
   213         132872.
   214         133450.
   215         134025.
   216         134597.
   217         135172.
   218         135747.
   219         136325.
   220         136897.
   221         137469.
   222         138044.
   223         138625.
   224         139205.
   225         139780.
   226         140358.
   227         140941.
   228         141522.
   229         142102.
   230         142683.
   231         143269.
   232         143855.
   233         144438.
   234         145013.
   235         145591.
   236         146169.
   237         146747.
   238         147322.
   239         147894.
   240         148466.
   241         149038.
   242         149608.
   243         150180.
   244         150750.
   245         151316.
   246         151886.
   247         152258.
   248         153027.
   249         153600.
   250         154169.
   251         154733.
   252         155297.
   253         155861.
   254         156422.
   255         156977.
   256         157533.
   257         158088.
   258         158644.
   259         159202.
   260         159755.
   261         160316.
   262         160872.
   263         161430.
   264         161983.
   265         162536.
   266         163088.
   267         163647.
   268         164200.
   269         164747.
   270         165300.
   271         165847.
   272         166394.
   273         166936.
   274         167480.
   275         168019.
   276         168555.
   277         169097.
   278         169641.
   279         170183.
   280         170725.
   281         171263.
   282         171805.
   283         172338.
   284         172875.
   285         173413.
   286         173950.
   287         174483.
   288         175016.
   289         175552.
   290         176094.
   291         176638.
   292         177188.
   293         177736.
   294         178280.
   295         178830.
   296         179386.
   297         179938.
   298         180488.
   299         181033.
   300         181577.
   301         182127.
   302         182672.
   303         183219.
   304         183758.
   305         184297.
   306         184841.
   307         185388.
   308         185938.
   309         186483.
   310         187027.
   311         187575.
   312         188127.
   313         188680.
   314         189230.
   315         189777.
   316         190330.
   317         190880.
   318         191430.
   319         191977.
   320         192527.
   321         193080.
   322         193633.
   323         194188.
   324         194741.
   325         195291.
   326         195844.
   327         196400.
   328         196955.
   329         197508.
   330         198058.
   331         198600.
   332         199141.
   333         199686.
   334         200236.
   335         200786.
   336         201336.
   337         201883.
   338         202436.
   339         202991.
   340         203550.
   341         204105.
   342         204661.
   343         205222.
   344         205780.
   345         206347.
   346         206908.
   347         207469.
   348         208030.
   349         208600.
   350         209161.
   351         209722.
   352         210283.
   353         210844.
   354         211408.
   355         211969.
   356         212530.
   357         213086.
   358         213650.
   359         214211.
   360         214761.
   361         215319.
   362         215875.
   363         216427.
   364         216980.
   365         217530.
   366         218077.
   367         218619.
   368         219158.
   369         219702.
   370         220244.
   371         220791.
   372         221336.
   373         221880.
   374         222433.
   375         222988.
   376         223552.
   377         224119.
   378         224683.
   379         225252.
   380         225822.
   381         226388.
   382         226955.
   383         227519.
   384         228088.
   385         228655.
   386         229222.
   387         229780.
   388         230338.
   389         230900.
   390         231463.
   391         232022.
   392         232580.
   393         233138.
   394         233700.
   395         234266.
   396         234827.
   397         235397.
   398         235966.
   399         236538.
   400         237108.
   401         237675.
   402         238247.
   403         238816.
   404         239380.
   405         239936.
   406         240494.
   407         241052.
   408         241608.
   409         242161.
   410         242713.
   411         243266.
   412         243825.
   413         244377.
   414         244938.
   415         245505.
   416         246072.
   417         246633.
   418         247194.
   419         247758.
   420         248319.
   421         248883.
   422         249447.
   423         250011.
   424         250569.
   425         251130.
   426         251688.
   427         252250.
   428         252805.
   429         253361.
   430         253922.
   431         254477.
   432         255036.
   433         255588.
   434         256150.
   435         256708.
   436         257269.
   437         257825.
   438         258388.
   439         258947.
   440         259511.
   441         260069.
   442         260630.
   443         261191.
   444         261755.
   445         262316.
   446         262877.
   447         263436.
   448         263997.
   449         264558.
   450         265113.
   451         265669.
   452         266227.
   453         266788.
   454         267347.
   455         267905.
   456         268466.
   457         269033.
   458         269597.
   459         270152.
   460         270713.
   461         271272.
   462         271827.
   463         272377.
   464         272927.
   465         273483.
   466         274033.
   467         274580.
   468         275133.
   469         275688.
 RMAX =       1.000   Factor d'escala senyal
 PA_RMAX =  161227.094   Factor d'escala senyal   passa_alt
 PB_RMAX =     284.413   Factor d'escala senyal   passa_baix
   n  posicion  tests/t

   frecuencia de muestreo = 360
     posicion en milisegundos

     1         276241.
     2         283388.
     3         285650.
     4         287925.
     5         289055.
     6         289616.
     7         291286.
     8         293469.
     9         294013.
    10         294552.
    11         297830.
    12         300547.
    13         301622.
    14         302161.
    15         304816.
    16         305347.
    17         306402.
    18         308513.
    19         313258.
    20         317483.
    21         319075.
    22         323852.
    23         324911.
    24         326505.
    25         328108.
    26         331294.
    27         332886.
    28         333411.
    29         333941.
    30         335002.
    31         336608.
    32         338761.
    33         339841.
    34         342525.
    35         345188.
    36         346805.
    37         362350.
    38         365594.
    39         366669.
    40         370413.
    41         371505.
    42         374736.
    43         376325.
    44         377386.
    45         377911.
    46         378447.
    47         378983.
    48         382163.
    49         383763.
    50         386944.
    51         387469.
    52         387991.
    53         388525.
    54         389052.
    55         389586.
    56         390116.
    57         390650.
    58         391183.
    59         391725.
    60         392266.
    61         392802.
    62         393350.
    63         393897.
    64         394436.
    65         394980.
    66         395519.
    67         396055.
    68         396602.
    69         397144.
    70         397683.
    71         398230.
    72         398777.
    73         399313.
    74         399858.
    75         400408.
    76         400950.
    77         401491.
    78         402036.
    79         402577.
    80         403113.
    81         403650.
    82         404191.
    83         404725.
    84         405261.
    85         405797.
    86         406327.
    87         406858.
    88         407391.
    89         407930.
    90         408472.
    91         409008.
    92         409550.
    93         410111.
    94         410661.
    95         411211.
    96         411755.
    97         412308.
    98         412858.
    99         413402.
   100         413947.
   101         414497.
   102         415052.
   103         415594.
   104         416138.
   105         416686.
   106         417780.
   107         418325.
   108         418869.
   109         419413.
   110         419958.
   111         420491.
   112         421572.
   113         422116.
   114         422652.
   115         423736.
   116         424277.
   117         424813.
   118         425344.
   119         425880.
   120         426950.
   121         427483.
   122         428547.
   123         429616.
   124         430161.
   125         430708.
   126         431247.
   127         431797.
   128         432344.
   129         432891.
   130         433436.
   131         433983.
   132         434533.
   133         435080.
   134         435627.
   135         436172.
   136         437266.
   137         437808.
   138         438347.
   139         438894.
   140         439441.
   141         439988.
   142         440538.
   143         441088.
   144         441644.
   145         442194.
   146         442741.
   147         443844.
   148         444380.
   149         444919.
   150         446002.
   151         446547.
   152         448183.
   153         449805.
   154         450344.
   155         450883.
   156         451433.
   157         451983.
   158         453100.
   159         453658.
   160         454216.
   161         455325.
   162         456422.
   163         457513.
   164         458061.
   165         458600.
   166         459144.
   167         459691.
   168         460236.
   169         460786.
   170         461338.
   171         463527.
   172         464608.
   173         465147.
   174         465694.
   175         466241.
   176         466786.
   177         467330.
   178         467869.
   179         468408.
   180         469483.
   181         470022.
   182         470561.
   183         471086.
   184         471619.
   185         472147.
   186         472675.
   187         473200.
   188         474261.
   189         474805.
   190         475344.
   191         476422.
   192         476969.
   193         477511.
   194         478058.
   195         478586.
   196         479127.
   197         479666.
   198         480200.
   199         480733.
   200         481813.
   201         482886.
   202         483427.
   203         483955.
   204         484486.
   205         485019.
   206         485552.
   207         486077.
   208         486605.
   209         487130.
   210         487652.
   211         488180.
   212         488700.
   213         489216.
   214         489736.
   215         490261.
   216         490777.
   217         491297.
   218         491827.
   219         492363.
   220         492902.
   221         493441.
   222         493991.
   223         494538.
   224         495083.
   225         495625.
   226         496166.
   227         496705.
   228         497238.
   229         497772.
   230         498305.
   231         498836.
   232         499363.
   233         499900.
   234         500436.
   235         500969.
   236         501505.
   237         502605.
   238         504250.
   239         504800.
   240         505344.
   241         505891.
   242         506430.
   243         506972.
   244         508072.
   245         508611.
   246         509144.
   247         509694.
   248         510238.
   249         511316.
   250         511858.
   251         512394.
   252         513475.
   253         515058.
   254         515580.
   255         517136.
   256         517655.
   257         519775.
   258         520313.
   259         520861.
   260         521413.
   261         522536.
   262         523108.
   263         523669.
   264         524225.
   265         524766.
   266         525308.
   267         525852.
   268         526388.
   269         528536.
   270         529075.
   271         530161.
   272         530694.
   273         532300.
   274         533888.
   275         534411.
   276         534936.
   277         536000.
   278         536530.
   279         538119.
   280         538647.
   281         539702.
   282         540761.
   283         541300.
   284         541827.
   285         543988.
   286         544533.
   287         545083.
   288         546711.
   289         547247.
   290         548322.
   291         548861.
   292         551033.
   293         551580.
 RMAX =       1.000   Factor d'escala senyal
 PA_RMAX =  -28354.510   Factor d'escala senyal   passa_alt
 PB_RMAX =  -28267.281   Factor d'escala senyal   passa_baix
   n  posicion  tests/t

   frecuencia de muestreo = 360
     posicion en milisegundos

     1         551580.
     2         552122.
     3         552663.
     4         553205.
     5         553744.
     6         554283.
     7         554830.
     8         555380.
     9         555913.
    10         556447.
    11         556986.
    12         557511.
    13         558036.
    14         558561.
    15         559094.
    16         559619.
    17         560141.
    18         560672.
    19         561202.
    20         561727.
    21         562258.
    22         562791.
    23         563325.
    24         563850.
    25         564377.
    26         564908.
    27         565444.
    28         565983.
    29         566519.
    30         567058.
    31         567605.
    32         568158.
    33         568705.
    34         569250.
    35         569800.
    36         570347.
    37         570894.
    38         571447.
    39         572002.
    40         572555.
    41         573113.
    42         573675.
    43         574227.
    44         574775.
    45         575327.
    46         575869.
    47         576405.
    48         576950.
    49         577488.
    50         578025.
    51         578563.
    52         579097.
    53         579627.
    54         580158.
    55         580702.
    56         581247.
    57         581786.
    58         582338.
    59         582894.
    60         583447.
    61         583988.
    62         584536.
    63         585077.
    64         585613.
    65         586158.
    66         586700.
    67         587230.
    68         587761.
    69         588288.
    70         588822.
    71         589355.
    72         589886.
    73         590413.
    74         590955.
    75         591500.
    76         592038.
    77         592583.
    78         593133.
    79         593680.
    80         594219.
    81         594772.
    82         595325.
    83         595869.
    84         596408.
    85         596952.
    86         597491.
    87         598022.
    88         598550.
    89         599080.
    90         599600.
    91         600111.
    92         600630.
    93         601152.
    94         601669.
    95         602191.
    96         602727.
    97         603272.
    98         603811.
    99         604352.
   100         604897.
   101         605441.
   102         605975.
   103         606511.
   104         607044.
   105         607566.
   106         608086.
   107         608605.
   108         609130.
   109         609652.
   110         610177.
   111         610711.
   112         611250.
   113         611786.
   114         612330.
   115         612872.
   116         613402.
   117         613927.
   118         614455.
   119         614983.
   120         615513.
   121         616038.
   122         616566.
   123         617105.
   124         617644.
   125         618175.
   126         618708.
   127         619247.
   128         619788.
   129         620325.
   130         620863.
   131         621408.
   132         621938.
   133         622477.
   134         623016.
   135         623544.
   136         624072.
   137         624602.
   138         625133.
   139         625661.
   140         626202.
   141         626750.
   142         627294.
   143         627838.
   144         628397.
   145         628952.
   146         629502.
   147         630061.
   148         630616.
   149         631166.
   150         631719.
   151         632269.
   152         632822.
   153         633375.
   154         633916.
   155         634463.
   156         635016.
   157         635563.
   158         636100.
   159         636630.
   160         637152.
   161         637669.
   162         638183.
   163         638691.
   164         639200.
   165         639711.
   166         640219.
   167         640741.
   168         641272.
   169         641805.
   170         642336.
   171         642861.
   172         643391.
   173         643911.
   174         644433.
   175         644941.
   176         645455.
   177         645969.
   178         646477.
   179         646988.
   180         647497.
   181         648008.
   182         648508.
   183         649008.
   184         649505.
   185         649997.
   186         650500.
   187         650997.
   188         651494.
   189         652000.
   190         652502.
   191         653000.
   192         653494.
   193         653986.
   194         654483.
   195         654983.
   196         655477.
   197         655977.
   198         656488.
   199         656988.
   200         657494.
   201         657991.
   202         658491.
   203         658991.
   204         659494.
   205         660000.
   206         660497.
   207         661002.
   208         661516.
   209         662022.
   210         662533.
   211         663044.
   212         663572.
   213         664105.
   214         664658.
   215         665216.
   216         665769.
   217         666322.
   218         666880.
   219         667430.
   220         667980.
   221         668527.
   222         669077.
   223         669636.
   224         670191.
   225         670738.
   226         671286.
   227         671825.
   228         672363.
   229         672897.
   230         673438.
   231         673977.
   232         674527.
   233         675091.
   234         675661.
   235         676236.
   236         676800.
   237         677358.
   238         677919.
   239         678475.
   240         679027.
   241         679586.
   242         680141.
   243         680697.
   244         681244.
   245         681800.
   246         682363.
   247         682925.
   248         683497.
   249         684072.
   250         684650.
   251         685233.
   252         685808.
   253         686375.
   254         686938.
   255         687505.
   256         690300.
   257         690861.
   258         691419.
   259         691975.
   260         692530.
   261         693075.
   262         693625.
   263         695863.
   264         696472.
   265         697083.
   266         697697.
   267         698302.
   268         698894.
   269         701727.
   270         702291.
   271         703430.
   272         703994.
   273         705655.
   274         706205.
   275         706758.
   276         708422.
   277         708980.
   278         711775.
   279         712333.
   280         714636.
   281         715216.
   282         716975.
   283         717569.
   284         718155.
   285         719900.
   286         720477.
   287         721063.
   288         722272.
   289         722869.
   290         725247.
   291         725833.
   292         728691.
   293         729266.
   294         729847.
   295         731600.
   296         732180.
   297         732758.
   298         734488.
   299         735616.
   300         736177.
   301         736736.
   302         737297.
   303         738450.
   304         739036.
   305         739622.
   306         742519.
   307         743102.
   308         743700.
   309         744305.
   310         744905.
   311         745502.
   312         747322.
   313         747925.
   314         748519.
   315         749711.
   316         750300.
   317         753183.
   318         753775.
   319         754386.
   320         755013.
   321         755644.
   322         756275.
   323         758750.
   324         759363.
   325         759988.
   326         760611.
   327         762472.
   328         763077.
   329         763686.
   330         764291.
   331         764894.
   332         765488.
   333         766077.
   334         768961.
   335         769569.
   336         772050.
   337         772677.
   338         774536.
   339         781930.
   340         785591.
   341         789061.
   342         789650.
   343         790241.
   344         790830.
   345         791430.
   346         792044.
   347         792661.
   348         793291.
   349         793925.
   350         794552.
   351         795172.
   352         796416.
   353         798263.
   354         798869.
   355         801291.
   356         803083.
   357         803675.
   358         807144.
   359         807719.
   360         810108.
   361         810719.
   362         813744.
   363         814338.
   364         815522.
   365         816119.
   366         817316.
   367         817936.
   368         818555.
   369         819191.
   370         820472.
   371         821097.
   372         821719.
   373         822336.
   374         822961.
   375         825444.
   376         826061.
 RMAX =       1.000   Factor d'escala senyal
 PA_RMAX =   28857.723   Factor d'escala senyal   passa_alt
 PB_RMAX =   28538.688   Factor d'escala senyal   passa_baix
   n  posicion  tests/t

   frecuencia de muestreo = 360
     posicion en milisegundos

     1         829788.
     2         836830.
     3         859841.
     4         875805.
     5         938755.
     6         939369.
     7         939977.
     8         940583.
     9         941186.
    10         941791.
    11         942394.
    12         943000.
    13         943591.
    14         944188.
    15         944780.
    16         945369.
    17         945952.
    18         946538.
    19         947125.
    20         947711.
    21         948294.
    22         948877.
    23         949466.
    24         950058.
    25         950650.
    26         951236.
    27         951822.
    28         952413.
    29         953000.
    30         953580.
    31         954163.
    32         954747.
    33         955325.
    34         955902.
    35         956483.
    36         957063.
    37         957650.
    38         958233.
    39         958819.
    40         959408.
    41         960000.
    42         960591.
    43         961188.
    44         961788.
    45         962388.
    46         962983.
    47         963577.
    48         964166.
    49         964761.
    50         965358.
    51         965955.
    52         966550.
    53         967150.
    54         967752.
    55         968352.
    56         968952.
    57         969547.
    58         970144.
    59         970736.
    60         971330.
    61         971925.
    62         972522.
    63         973119.
    64         973713.
    65         974305.
    66         974908.
    67         975513.
    68         976130.
    69         976744.
    70         977361.
    71         977977.
    72         978591.
    73         979202.
    74         979808.
    75         980405.
    76         981000.
    77         981591.
    78         982180.
    79         982777.
    80         983372.
    81         983966.
    82         984566.
    83         985158.
    84         985755.
    85         986355.
    86         986950.
    87         987541.
    88         988130.
    89         988725.
    90         989319.
    91         989911.
    92         990497.
    93         991077.
    94         991661.
    95         992244.
    96         992830.
    97         993427.
    98         994030.
    99         994636.
   100         995244.
   101         995855.
   102         996472.
   103         997083.
   104         997694.
   105         998305.
   106         999533.
   107        1000152.
   108        1000763.
   109        1001372.
   110        1001975.
   111        1003177.
   112        1003769.
   113        1004352.
   114        1006694.
   115        1007288.
   116        1008475.
   117        1012041.
   118        1012627.
   119        1016108.
   120        1016688.
   121        1017266.
   122        1019019.
   123        1019613.
   124        1020208.
   125        1020808.
   126        1021400.
   127        1022597.
   128        1023183.
   129        1023769.
   130        1024358.
   131        1024947.
   132        1025530.
   133        1026111.
   134        1026694.
   135        1030191.
   136        1030775.
   137        1032541.
   138        1033138.
   139        1033736.
   140        1034330.
   141        1034922.
   142        1036716.
   143        1037311.
   144        1039088.
   145        1039683.
   146        1041469.
   147        1042061.
   148        1043841.
   149        1044441.
   150        1045033.
   151        1046822.
   152        1047422.
   153        1049219.
   154        1049816.
   155        1051597.
   156        1052194.
   157        1052783.
   158        1054575.
   159        1055166.
   160        1056947.
   161        1057536.
   162        1059894.
   163        1060486.
   164        1062269.
   165        1062866.
   166        1063458.
   167        1065250.
   168        1065847.
   169        1066441.
   170        1068822.
   171        1069425.
   172        1071233.
   173        1071836.
   174        1072438.
   175        1074272.
   176        1074888.
   177        1075511.
   178        1076761.
   179        1077377.
   180        1077988.
   181        1078605.
   182        1079219.
   183        1079827.
   184        1080438.
   185        1081050.
   186        1081663.
   187        1082275.
   188        1082886.
   189        1085338.
   190        1085944.
   191        1087750.
   192        1088352.
   193        1088952.
   194        1089561.
   195        1090169.
   196        1090780.
   197        1091386.
   198        1092611.
   199        1093222.
   200        1093838.
   201        1096802.
   202        1097386.
   203        1100341.
   204        1100941.
   205        1102752.
 RMAX =       1.000   Factor d'escala senyal
 PA_RMAX =  -19431.354   Factor d'escala senyal   passa_alt
 PB_RMAX =  -19418.328   Factor d'escala senyal   passa_baix
   n  posicion  tests/t

   frecuencia de muestreo = 360
     posicion en milisegundos

     1        1103350.
     2        1103952.
     3        1104552.
     4        1105150.
     5        1105744.
     6        1106341.
     7        1106936.
     8        1107533.
     9        1108130.
    10        1108725.
    11        1109316.
    12        1109902.
    13        1110486.
    14        1111061.
    15        1111638.
    16        1112208.
    17        1112772.
    18        1113358.
    19        1113936.
    20        1114519.
    21        1115100.
    22        1115683.
    23        1116266.
    24        1116847.
    25        1117427.
    26        1118019.
    27        1118613.
    28        1119208.
    29        1119794.
    30        1120383.
    31        1120966.
    32        1121552.
    33        1122133.
    34        1122716.
    35        1123300.
    36        1123883.
    37        1124472.
    38        1125061.
    39        1125655.
    40        1126241.
    41        1126830.
    42        1127419.
    43        1128600.
    44        1129180.
    45        1129766.
    46        1130347.
    47        1130941.
    48        1131536.
    49        1132133.
    50        1132733.
    51        1133933.
    52        1134527.
    53        1135125.
    54        1135719.
    55        1136311.
    56        1136894.
    57        1137480.
    58        1138061.
    59        1138644.
    60        1139233.
    61        1139819.
    62        1140416.
    63        1141013.
    64        1141613.
    65        1142216.
    66        1142811.
    67        1146994.
    68        1195725.
    69        1210177.
    70        1213775.
    71        1214369.
    72        1214961.
    73        1215555.
    74        1216141.
    75        1216738.
    76        1217338.
    77        1217938.
    78        1218547.
    79        1219163.
    80        1219780.
    81        1220391.
    82        1220994.
    83        1221591.
    84        1222186.
    85        1222772.
    86        1223361.
    87        1223955.
    88        1224552.
    89        1225155.
    90        1225758.
    91        1226375.
    92        1226750.
    93        1227619.
    94        1228236.
    95        1228844.
    96        1229452.
    97        1230058.
    98        1230669.
    99        1231280.
   100        1231894.
   101        1232508.
   102        1233122.
   103        1233727.
   104        1234333.
   105        1234927.
   106        1235525.
   107        1236113.
   108        1236705.
   109        1237305.
   110        1237902.
   111        1238505.
   112        1239105.
   113        1239705.
   114        1240313.
   115        1241533.
   116        1242144.
   117        1242750.
   118        1243355.
   119        1243969.
   120        1244583.
   121        1245202.
   122        1245825.
   123        1246444.
   124        1247063.
   125        1248305.
   126        1248919.
   127        1249530.
   128        1250144.
   129        1253216.
   130        1253827.
   131        1255658.
   132        1256272.
   133        1257511.
   134        1258136.
   135        1260022.
   136        1260652.
   137        1261283.
   138        1262541.
   139        1263169.
   140        1263794.
   141        1265050.
   142        1265675.
   143        1266300.
   144        1268188.
   145        1268816.
   146        1270705.
   147        1271333.
   148        1271950.
   149        1279927.
   150        1280525.
   151        1281127.
   152        1281738.
   153        1282361.
   154        1286219.
   155        1286841.
   156        1288688.
   157        1289308.
   158        1290552.
   159        1291163.
   160        1296083.
   161        1296697.
   162        1297930.
   163        1305780.
   164        1307055.
   165        1307677.
   166        1308908.
   167        1310733.
   168        1311344.
   169        1315597.
   170        1316202.
   171        1317433.
   172        1318061.
   173        1318691.
   174        1319327.
   175        1319961.
   176        1320600.
   177        1321238.
   178        1321875.
   179        1322519.
   180        1323163.
   181        1323811.
   182        1324458.
   183        1325108.
   184        1326413.
   185        1327058.
   186        1327702.
   187        1328352.
   188        1329658.
   189        1330308.
   190        1330955.
   191        1332916.
   192        1333561.
   193        1335502.
   194        1336147.
   195        1336788.
   196        1338075.
   197        1338719.
   198        1339361.
   199        1340000.
   200        1341288.
   201        1341930.
   202        1343850.
   203        1344488.
   204        1345122.
   205        1347016.
   206        1347641.
   207        1349527.
   208        1350155.
   209        1350786.
   210        1352052.
   211        1352691.
   212        1353327.
   213        1354616.
   214        1355261.
   215        1355902.
   216        1357180.
   217        1357819.
   218        1358458.
   219        1360350.
   220        1360977.
   221        1362869.
   222        1363497.
   223        1366016.
   224        1366644.
   225        1368530.
   226        1369161.
   227        1369794.
   228        1371072.
   229        1371708.
   230        1372344.
   231        1373633.
   232        1374275.
   233        1374916.
   234        1376844.
   235        1377491.
 RMAX =       1.000   Factor d'escala senyal
 PA_RMAX =   -3515.840   Factor d'escala senyal   passa_alt
 PB_RMAX =   -3479.876   Factor d'escala senyal   passa_baix
   n  posicion  tests/t

   frecuencia de muestreo = 360
     posicion en milisegundos

     1        1379422.
     2        1380713.
     3        1381358.
     4        1382008.
     5        1382652.
     6        1383288.
     7        1384161.
     8        1385863.
     9        1386511.
    10        1387163.
    11        1387816.
    12        1388466.
    13        1389352.
    14        1390416.
    15        1391058.
    16        1391700.
    17        1392338.
    18        1392977.
    19        1394244.
    20        1394883.
    21        1395511.
    22        1396141.
    23        1397413.
    24        1398055.
    25        1398683.
    26        1399319.
    27        1400583.
    28        1401216.
    29        1401847.
    30        1402480.
    31        1403116.
    32        1403755.
    33        1404391.
    34        1405041.
    35        1405672.
    36        1406316.
    37        1406941.
    38        1407588.
    39        1408216.
    40        1409091.
    41        1410122.
    42        1410991.
    43        1412025.
    44        1412655.
    45        1413291.
    46        1413922.
    47        1414555.
    48        1415186.
    49        1415786.
    50        1416447.
    51        1417088.
    52        1417727.
    53        1418366.
    54        1419002.
    55        1419638.
    56        1420283.
    57        1420919.
    58        1421552.
    59        1422186.
    60        1422838.
    61        1423461.
    62        1424119.
    63        1424761.
    64        1425394.
    65        1426041.
    66        1426680.
    67        1427322.
    68        1427975.
    69        1428630.
    70        1429275.
    71        1429916.
    72        1430544.
    73        1431177.
    74        1431822.
    75        1481194.
    76        1483686.
    77        1484319.
    78        1488119.
    79        1490011.
    80        1490641.
    81        1491266.
 RMAX =       1.000   Factor d'escala senyal
 PA_RMAX =   -3515.840   Factor d'escala senyal   passa_alt
 PB_RMAX =   -3479.876   Factor d'escala senyal   passa_baix
